0.000000, -0.500063, -0.200032, -1.000176, -0.000020, 0.999881, 0.500000, 0.020000, 0.020000
-0.000000, -0.500110, -0.200079, -1.000362, -0.000044, 0.999757, 0.500001, 0.020011, 0.020012
-0.000000, -0.500146, -0.200122, -1.000534, -0.000067, 0.999646, 0.500001, 0.020045, 0.020045
-0.000000, -0.500177, -0.200160, -1.000692, -0.000087, 0.999544, 0.500002, 0.020105, 0.020105
-0.000000, -0.500204, -0.200195, -1.000834, -0.000105, 0.999453, 0.500002, 0.020189, 0.020189
-0.000000, -0.500228, -0.200226, -1.000963, -0.000122, 0.999370, 0.500003, 0.020298, 0.020298
-0.000000, -0.500250, -0.200254, -1.001079, -0.000137, 0.999295, 0.500003, 0.020428, 0.020428
-0.000000, -0.500270, -0.200280, -1.001184, -0.000151, 0.999228, 0.500004, 0.020579, 0.020579
-0.000000, -0.500288, -0.200303, -1.001279, -0.000163, 0.999167, 0.500004, 0.020748, 0.020748
-0.000000, -0.500305, -0.200323, -1.001365, -0.000174, 0.999112, 0.500005, 0.020934, 0.020934
-0.000000, -0.500320, -0.200342, -1.001443, -0.000184, 0.999062, 0.500005, 0.021134, 0.021134
-0.000000, -0.500334, -0.200359, -1.001513, -0.000193, 0.999017, 0.500005, 0.021348, 0.021348
0.000000, -0.500346, -0.200374, -1.001576, -0.000201, 0.998977, 0.500005, 0.021574, 0.021574
0.000000, -0.500358, -0.200387, -1.001633, -0.000208, 0.998940, 0.500005, 0.021811, 0.021811
0.000000, -0.500368, -0.200400, -1.001684, -0.000215, 0.998907, 0.500005, 0.022058, 0.022059
0.000000, -0.500378, -0.200411, -1.001731, -0.000221, 0.998877, 0.500005, 0.022314, 0.022315
0.000000, -0.500387, -0.200421, -1.001773, -0.000226, 0.998850, 0.500005, 0.022579, 0.022579
0.000000, -0.500395, -0.200430, -1.001810, -0.000231, 0.998825, 0.500005, 0.022850, 0.022850
0.000000, -0.500402, -0.200438, -1.001845, -0.000235, 0.998803, 0.500005, 0.023128, 0.023128
0.000000, -0.500409, -0.200445, -1.001875, -0.000239, 0.998783, 0.500005, 0.023412, 0.023412
0.000000, -0.500415, -0.200452, -1.001903, -0.000243, 0.998765, 0.500005, 0.023701, 0.023701
0.000000, -0.500420, -0.200458, -1.001929, -0.000246, 0.998749, 0.500005, 0.023995, 0.023995
0.000000, -0.500425, -0.200463, -1.001951, -0.000249, 0.998734, 0.500005, 0.024294, 0.024294
0.000000, -0.500430, -0.200468, -1.001972, -0.000251, 0.998721, 0.500005, 0.024596, 0.024596
0.000000, -0.500434, -0.200472, -1.001990, -0.000254, 0.998709, 0.500005, 0.024902, 0.024902
0.000000, -0.500438, -0.200476, -1.002007, -0.000256, 0.998698, 0.500005, 0.025212, 0.025212
0.000000, -0.500441, -0.200480, -1.002022, -0.000258, 0.998688, 0.500005, 0.025524, 0.025524
0.000000, -0.500445, -0.200483, -1.002036, -0.000259, 0.998680, 0.500005, 0.025838, 0.025839
0.000000, -0.500448, -0.200486, -1.002048, -0.000261, 0.998672, 0.500005, 0.026156, 0.026156
0.000000, -0.500450, -0.200488, -1.002059, -0.000262, 0.998664, 0.500005, 0.026475, 0.026475
0.000000, -0.500453, -0.200491, -1.002069, -0.000264, 0.998658, 0.500005, 0.026796, 0.026796
0.000000, -0.500455, -0.200493, -1.002078, -0.000265, 0.998652, 0.500005, 0.027119, 0.027119
0.000000, -0.500457, -0.200495, -1.002086, -0.000266, 0.998647, 0.500005, 0.027443, 0.027444
0.000000, -0.500459, -0.200497, -1.002094, -0.000267, 0.998642, 0.500005, 0.027769, 0.027769
0.000000, -0.500460, -0.200498, -1.002100, -0.000268, 0.998637, 0.500005, 0.028096, 0.028097
0.000000, -0.500462, -0.200499, -1.002106, -0.000268, 0.998634, 0.500005, 0.028425, 0.028425
0.000000, -0.500463, -0.200501, -1.002112, -0.000269, 0.998630, 0.500005, 0.028754, 0.028754
0.000000, -0.500464, -0.200502, -1.002117, -0.000270, 0.998627, 0.500005, 0.029084, 0.029085
0.000000, -0.500465, -0.200503, -1.002121, -0.000270, 0.998624, 0.500005, 0.029416, 0.029416
0.000000, -0.500466, -0.200504, -1.002125, -0.000271, 0.998621, 0.500005, 0.029747, 0.029748
0.000000, -0.500467, -0.200505, -1.002129, -0.000271, 0.998619, 0.500005, 0.030080, 0.030080
0.000000, -0.500468, -0.200505, -1.002132, -0.000271, 0.998617, 0.500005, 0.030413, 0.030413
0.000000, -0.500469, -0.200506, -1.002135, -0.000272, 0.998615, 0.500005, 0.030747, 0.030747
0.000000, -0.500470, -0.200507, -1.002138, -0.000272, 0.998613, 0.500005, 0.031081, 0.031082
0.000000, -0.500470, -0.200507, -1.002140, -0.000272, 0.998611, 0.500005, 0.031416, 0.031416
0.000000, -0.500471, -0.200508, -1.002142, -0.000273, 0.998610, 0.500005, 0.031751, 0.031751
0.000000, -0.500471, -0.200508, -1.002144, -0.000273, 0.998609, 0.500005, 0.032087, 0.032087
0.000000, -0.500472, -0.200509, -1.002146, -0.000273, 0.998608, 0.500005, 0.032423, 0.032423
0.000000, -0.500472, -0.200509, -1.002148, -0.000273, 0.998607, 0.500005, 0.032759, 0.032759
0.000000, -0.500473, -0.200509, -1.002149, -0.000274, 0.998606, 0.500005, 0.033095, 0.033095
0.000000, -0.500473, -0.200509, -1.002150, -0.000274, 0.998605, 0.500005, 0.033432, 0.033432
0.000000, -0.500473, -0.200510, -1.002151, -0.000274, 0.998604, 0.500005, 0.033769, 0.033769
0.000000, -0.500474, -0.200510, -1.002152, -0.000274, 0.998603, 0.500005, 0.034106, 0.034106
0.000000, -0.500474, -0.200510, -1.002153, -0.000274, 0.998603, 0.500005, 0.034443, 0.034443
0.000000, -0.500474, -0.200510, -1.002154, -0.000274, 0.998602, 0.500005, 0.034781, 0.034781
0.000000, -0.500474, -0.200511, -1.002155, -0.000274, 0.998602, 0.500005, 0.035118, 0.035119
0.000000, -0.500474, -0.200511, -1.002156, -0.000274, 0.998601, 0.500005, 0.035456, 0.035456
0.000000, -0.500474, -0.200511, -1.002156, -0.000275, 0.998601, 0.500005, 0.035794, 0.035794
0.000000, -0.500474, -0.200511, -1.002157, -0.000275, 0.998600, 0.500005, 0.036132, 0.036132
0.000000, -0.500474, -0.200511, -1.002158, -0.000275, 0.998600, 0.500005, 0.036470, 0.036470
0.000000, -0.500474, -0.200512, -1.002158, -0.000275, 0.998599, 0.500005, 0.039059, 0.039059
0.000000, -0.500537, -0.200544, -1.002335, -0.000295, 0.998480, 0.500006, 0.039151, 0.039151
0.000204, -0.500338, -0.200414, -1.002722, -0.000415, 0.998987, 0.500543, 0.039234, 0.039234
0.000635, -0.499647, -0.200040, -1.003424, -0.000611, 1.000153, 0.501594, 0.039308, 0.039308
0.001280, -0.498417, -0.199432, -1.004469, -0.000875, 1.001908, 0.503109, 0.039376, 0.039376
0.002121, -0.496664, -0.198609, -1.005846, -0.001201, 1.004194, 0.505044, 0.039437, 0.039437
0.003140, -0.494428, -0.197590, -1.007530, -0.001583, 1.006960, 0.507357, 0.039492, 0.039492
0.004321, -0.491754, -0.196396, -1.009493, -0.002016, 1.010159, 0.510014, 0.039541, 0.039541
0.005630, -0.488676, -0.195058, -1.011686, -0.002487, 1.013742, 0.512947, 0.039586, 0.039586
0.006949, -0.485194, -0.193683, -1.013953, -0.002945, 1.017616, 0.515917, 0.039626, 0.039626
0.008263, -0.481367, -0.192310, -1.016266, -0.003395, 1.021746, 0.518909, 0.039663, 0.039663
0.009572, -0.477241, -0.190940, -1.018612, -0.003839, 1.026107, 0.521921, 0.039696, 0.039696
0.010874, -0.472851, -0.189574, -1.020986, -0.004277, 1.030677, 0.524951, 0.039725, 0.039725
0.012171, -0.468224, -0.188211, -1.023382, -0.004710, 1.035437, 0.527997, 0.039752, 0.039752
0.013463, -0.463385, -0.186852, -1.025798, -0.005139, 1.040368, 0.531058, 0.039776, 0.039776
0.014749, -0.458358, -0.185497, -1.028229, -0.005563, 1.045453, 0.534133, 0.039798, 0.039798
0.016031, -0.453160, -0.184145, -1.030675, -0.005984, 1.050679, 0.537220, 0.039818, 0.039818
0.017309, -0.447810, -0.182795, -1.033133, -0.006401, 1.056031, 0.540318, 0.039835, 0.039836
0.018583, -0.442322, -0.181449, -1.035600, -0.006816, 1.061498, 0.543425, 0.039851, 0.039852
0.019853, -0.436712, -0.180104, -1.038077, -0.007227, 1.067068, 0.546542, 0.039866, 0.039866
0.021120, -0.430992, -0.178763, -1.040561, -0.007636, 1.072732, 0.549667, 0.039879, 0.039879
0.022384, -0.425173, -0.177423, -1.043052, -0.008042, 1.078480, 0.552800, 0.039891, 0.039891
0.023645, -0.419264, -0.176086, -1.045547, -0.008446, 1.084304, 0.555938, 0.039901, 0.039902
0.024903, -0.413276, -0.174750, -1.048048, -0.008848, 1.090198, 0.559083, 0.039911, 0.039911
0.026159, -0.407216, -0.173416, -1.050552, -0.009249, 1.096154, 0.562234, 0.039920, 0.039920
0.027412, -0.401092, -0.172084, -1.053059, -0.009648, 1.102166, 0.565389, 0.039928, 0.039928
0.028663, -0.394910, -0.170753, -1.055568, -0.010045, 1.108229, 0.568549, 0.039935, 0.039935
0.029913, -0.388677, -0.169423, -1.058080, -0.010441, 1.114339, 0.571713, 0.039941, 0.039941
0.031160, -0.382397, -0.168095, -1.060593, -0.010836, 1.120490, 0.574880, 0.039947, 0.039947
0.032406, -0.376075, -0.166768, -1.063107, -0.011230, 1.126678, 0.578051, 0.039952, 0.039952
0.033651, -0.369715, -0.165442, -1.065623, -0.011623, 1.132901, 0.581225, 0.039957, 0.039957
0.034894, -0.363322, -0.164117, -1.068140, -0.012015, 1.139155, 0.584401, 0.039961, 0.039961
0.036136, -0.356899, -0.162793, -1.070657, -0.012406, 1.145436, 0.587580, 0.039965, 0.039965
0.037377, -0.350449, -0.161470, -1.073174, -0.012796, 1.151742, 0.590761, 0.039968, 0.039968
0.038616, -0.343974, -0.160147, -1.075692, -0.013186, 1.158072, 0.593944, 0.039971, 0.039971
0.039855, -0.337478, -0.158825, -1.078209, -0.013575, 1.164422, 0.597128, 0.039974, 0.039974
0.041093, -0.330962, -0.157504, -1.080727, -0.013964, 1.170790, 0.600315, 0.039977, 0.039977
0.042330, -0.324428, -0.156184, -1.083245, -0.014352, 1.177175, 0.603503, 0.039979, 0.039979
0.043566, -0.317879, -0.154864, -1.085762, -0.014739, 1.183576, 0.606692, 0.039981, 0.039981
0.044801, -0.311316, -0.153545, -1.088280, -0.015126, 1.189990, 0.609882, 0.039983, 0.039983
0.046036, -0.304739, -0.152226, -1.090797, -0.015513, 1.196416, 0.613074, 0.039984, 0.039985
0.047271, -0.298152, -0.150907, -1.093313, -0.015900, 1.202854, 0.616266, 0.039986, 0.039986
0.048504, -0.291554, -0.149589, -1.095830, -0.016286, 1.209301, 0.619459, 0.039987, 0.039987
0.049738, -0.284947, -0.148272, -1.098346, -0.016672, 1.215758, 0.622654, 0.039989, 0.039989
0.050971, -0.278332, -0.146955, -1.100861, -0.017057, 1.222224, 0.625848, 0.039990, 0.039990
0.052203, -0.271710, -0.145638, -1.103377, -0.017443, 1.228696, 0.629044, 0.039991, 0.039991
0.053435, -0.265081, -0.144321, -1.105891, -0.017828, 1.235176, 0.632240, 0.039992, 0.039992
0.054667, -0.258446, -0.143005, -1.108405, -0.018213, 1.241662, 0.635437, 0.039992, 0.039992
0.055899, -0.251806, -0.141689, -1.110919, -0.018598, 1.248153, 0.638634, 0.039993, 0.039993
0.057130, -0.245161, -0.140373, -1.113433, -0.018983, 1.254649, 0.641832, 0.039994, 0.039994
0.058361, -0.238512, -0.139057, -1.115946, -0.019367, 1.261150, 0.645030, 0.039994, 0.039994
0.059592, -0.231859, -0.137742, -1.118459, -0.019751, 1.267655, 0.648228, 0.039995, 0.039995
0.060822, -0.225203, -0.136427, -1.120971, -0.020136, 1.274163, 0.651427, 0.039995, 0.039996
0.062053, -0.218544, -0.135112, -1.123482, -0.020520, 1.280675, 0.654626, 0.039996, 0.039996
0.063283, -0.211882, -0.133797, -1.125994, -0.020904, 1.287190, 0.657825, 0.039996, 0.039996
0.064513, -0.205218, -0.132483, -1.128505, -0.021288, 1.293707, 0.661024, 0.039997, 0.039997
0.065743, -0.198552, -0.131169, -1.131015, -0.021672, 1.300228, 0.664224, 0.039997, 0.039997
0.066973, -0.191884, -0.129854, -1.133525, -0.022056, 1.306750, 0.667424, 0.039997, 0.039997
0.068202, -0.185214, -0.128540, -1.136035, -0.022440, 1.313275, 0.670624, 0.039998, 0.039998
0.069432, -0.178543, -0.127226, -1.138544, -0.022824, 1.319801, 0.673824, 0.039998, 0.039998
0.070662, -0.171871, -0.125913, -1.141053, -0.023207, 1.326329, 0.677024, 0.039998, 0.039998
0.071891, -0.165197, -0.124599, -1.143561, -0.023591, 1.332858, 0.680225, 0.039998, 0.039998
0.073120, -0.158523, -0.123286, -1.146069, -0.023975, 1.339389, 0.683426, 0.039998, 0.039998
0.074350, -0.151847, -0.121972, -1.148577, -0.024358, 1.345921, 0.686626, 0.039999, 0.039999
0.075579, -0.145171, -0.120659, -1.151084, -0.024742, 1.352454, 0.689827, 0.039999, 0.039999
0.076808, -0.138495, -0.119346, -1.153591, -0.025125, 1.358988, 0.693028, 0.039999, 0.039999
0.078037, -0.131817, -0.118033, -1.156097, -0.025509, 1.365523, 0.696229, 0.039999, 0.039999
0.079266, -0.125139, -0.116720, -1.158604, -0.025893, 1.372059, 0.699430, 0.039999, 0.039999
0.080495, -0.118461, -0.115407, -1.161109, -0.026276, 1.378596, 0.702631, 0.039999, 0.039999
0.081724, -0.111783, -0.114095, -1.163615, -0.026660, 1.385133, 0.705832, 0.039999, 0.039999
0.082953, -0.105104, -0.112782, -1.166119, -0.027043, 1.391671, 0.709034, 0.039999, 0.039999
0.084182, -0.098426, -0.111470, -1.168624, -0.027426, 1.398209, 0.712235, 0.039999, 0.039999
0.085411, -0.091747, -0.110158, -1.171128, -0.027810, 1.404748, 0.715437, 0.039999, 0.039999
0.086640, -0.085068, -0.108845, -1.173632, -0.028193, 1.411288, 0.718638, 0.039999, 0.040000
0.087869, -0.078388, -0.107533, -1.176135, -0.028577, 1.417827, 0.721839, 0.039999, 0.040000
0.089098, -0.071709, -0.106221, -1.178638, -0.028960, 1.424368, 0.725041, 0.040000, 0.040000
0.090327, -0.065030, -0.104909, -1.181141, -0.029344, 1.430908, 0.728242, 0.040000, 0.040000
0.091556, -0.058351, -0.103598, -1.183643, -0.029727, 1.437449, 0.731444, 0.040000, 0.040000
0.092785, -0.051672, -0.102286, -1.186145, -0.030111, 1.443990, 0.734645, 0.040000, 0.040000
0.094013, -0.044994, -0.100975, -1.188647, -0.030494, 1.450531, 0.737847, 0.040000, 0.040000
0.095242, -0.038315, -0.099663, -1.191148, -0.030877, 1.457073, 0.741049, 0.040000, 0.040000
0.096471, -0.031637, -0.098352, -1.193649, -0.031261, 1.463615, 0.744250, 0.040000, 0.040000
0.097700, -0.024958, -0.097041, -1.196150, -0.031644, 1.470157, 0.747452, 0.040000, 0.040000
0.098929, -0.018280, -0.095730, -1.198650, -0.032028, 1.476699, 0.750653, 0.040000, 0.040000
0.100155, -0.011599, -0.094421, -1.201135, -0.032405, 1.483230, 0.753841, 0.040000, 0.040000
0.101375, -0.004914, -0.093119, -1.203597, -0.032774, 1.489742, 0.757007, 0.040000, 0.040000
0.102590, 0.001771, -0.091823, -1.206036, -0.033134, 1.496237, 0.760154, 0.040000, 0.040000
0.103799, 0.008455, -0.090534, -1.208455, -0.033487, 1.502715, 0.763283, 0.040000, 0.040000
0.105003, 0.015139, -0.089250, -1.210853, -0.033834, 1.509179, 0.766396, 0.040000, 0.040000
0.106202, 0.021823, -0.087972, -1.213235, -0.034175, 1.515631, 0.769495, 0.040000, 0.040000
0.107397, 0.028505, -0.086699, -1.215600, -0.034510, 1.522070, 0.772580, 0.040000, 0.040000
0.108588, 0.035187, -0.085429, -1.217950, -0.034841, 1.528499, 0.775654, 0.040000, 0.040000
0.109776, 0.041869, -0.084164, -1.220288, -0.035167, 1.534919, 0.778718, 0.040000, 0.040000
0.110960, 0.048550, -0.082902, -1.222613, -0.035489, 1.541330, 0.781771, 0.040000, 0.040000
0.112142, 0.055231, -0.081644, -1.224928, -0.035808, 1.547733, 0.784816, 0.040000, 0.040000
0.113322, 0.061911, -0.080388, -1.227233, -0.036123, 1.554129, 0.787853, 0.040000, 0.040000
0.114499, 0.068591, -0.079135, -1.229530, -0.036435, 1.560519, 0.790883, 0.040000, 0.040000
0.115674, 0.075270, -0.077884, -1.231818, -0.036745, 1.566903, 0.793906, 0.040000, 0.040000
0.116847, 0.081949, -0.076635, -1.234099, -0.037052, 1.573281, 0.796924, 0.040000, 0.040000
0.118019, 0.088628, -0.075389, -1.236373, -0.037358, 1.579655, 0.799936, 0.040000, 0.040000
0.119189, 0.095307, -0.074144, -1.238642, -0.037661, 1.586025, 0.802943, 0.040000, 0.040000
0.120358, 0.101985, -0.072900, -1.240905, -0.037962, 1.592390, 0.805947, 0.040000, 0.040000
0.121526, 0.108663, -0.071658, -1.243163, -0.038262, 1.598753, 0.808946, 0.040000, 0.040000
0.122692, 0.115341, -0.070417, -1.245417, -0.038560, 1.605112, 0.811942, 0.040000, 0.040000
0.123858, 0.122019, -0.069178, -1.247666, -0.038857, 1.611468, 0.814934, 0.040000, 0.040000
0.125023, 0.128696, -0.067939, -1.249912, -0.039153, 1.617822, 0.817924, 0.040000, 0.040000
0.126187, 0.135373, -0.066702, -1.252154, -0.039448, 1.624173, 0.820911, 0.040000, 0.040000
0.127350, 0.142049, -0.065465, -1.254394, -0.039742, 1.630522, 0.823896, 0.040000, 0.040000
0.128513, 0.148725, -0.064229, -1.256631, -0.040035, 1.636869, 0.826878, 0.040000, 0.040000
0.129675, 0.155401, -0.062994, -1.258864, -0.040327, 1.643215, 0.829859, 0.040000, 0.040000
0.130836, 0.162077, -0.061760, -1.261096, -0.040619, 1.649559, 0.832838, 0.040000, 0.040000
0.131997, 0.168752, -0.060526, -1.263325, -0.040909, 1.655901, 0.835816, 0.040000, 0.040000
0.133158, 0.175427, -0.059293, -1.265552, -0.041200, 1.662243, 0.838792, 0.040000, 0.040000
0.134319, 0.182102, -0.058060, -1.267777, -0.041489, 1.668583, 0.841766, 0.040000, 0.040000
0.135479, 0.188776, -0.056828, -1.270001, -0.041778, 1.674922, 0.844740, 0.040000, 0.040000
0.136638, 0.195450, -0.055596, -1.272223, -0.042067, 1.681260, 0.847712, 0.040000, 0.040000
0.137798, 0.202123, -0.054365, -1.274443, -0.042355, 1.687597, 0.850684, 0.040000, 0.040000
0.138957, 0.208797, -0.053134, -1.276663, -0.042643, 1.693934, 0.853655, 0.040000, 0.040000
0.140116, 0.215469, -0.051904, -1.278880, -0.042931, 1.700270, 0.856624, 0.040000, 0.040000
0.141275, 0.222142, -0.050673, -1.281097, -0.043218, 1.706605, 0.859594, 0.040000, 0.040000
0.142434, 0.228814, -0.049443, -1.283313, -0.043506, 1.712940, 0.862562, 0.040000, 0.040000
0.143592, 0.235485, -0.048214, -1.285527, -0.043792, 1.719273, 0.865530, 0.040000, 0.040000
0.144751, 0.242156, -0.046984, -1.287740, -0.044079, 1.725607, 0.868497, 0.040000, 0.040000
0.145909, 0.248827, -0.045755, -1.289953, -0.044366, 1.731940, 0.871464, 0.040000, 0.040000
0.147067, 0.255497, -0.044526, -1.292164, -0.044652, 1.738273, 0.874431, 0.040000, 0.040000
0.148225, 0.262167, -0.043298, -1.294375, -0.044938, 1.744606, 0.877397, 0.040000, 0.040000
0.149383, 0.268836, -0.042069, -1.296585, -0.045224, 1.750938, 0.880363, 0.040000, 0.040000
0.150541, 0.275505, -0.040841, -1.298794, -0.045510, 1.757269, 0.883328, 0.040000, 0.040000
0.151699, 0.282174, -0.039613, -1.301003, -0.045795, 1.763601, 0.886293, 0.040000, 0.040000
0.152857, 0.288842, -0.038386, -1.303210, -0.046081, 1.769933, 0.889258, 0.040000, 0.040000
0.154015, 0.295510, -0.037158, -1.305417, -0.046367, 1.776264, 0.892223, 0.040000, 0.040000
0.155172, 0.302177, -0.035931, -1.307624, -0.046652, 1.782595, 0.895188, 0.040000, 0.040000
0.156330, 0.308843, -0.034703, -1.309829, -0.046937, 1.788925, 0.898152, 0.040000, 0.040000
0.157488, 0.315509, -0.033476, -1.312034, -0.047223, 1.795256, 0.901116, 0.040000, 0.040000
0.158645, 0.322175, -0.032249, -1.314239, -0.047508, 1.801587, 0.904080, 0.040000, 0.040000
0.159803, 0.328840, -0.031023, -1.316442, -0.047793, 1.807917, 0.907044, 0.040000, 0.040000
0.160961, 0.335505, -0.029796, -1.318646, -0.048078, 1.814247, 0.910007, 0.040000, 0.040000
0.162118, 0.342169, -0.028570, -1.320848, -0.048363, 1.820577, 0.912971, 0.040000, 0.040000
0.163276, 0.348833, -0.027343, -1.323050, -0.048648, 1.826907, 0.915935, 0.040000, 0.040000
0.164433, 0.355496, -0.026117, -1.325252, -0.048933, 1.833237, 0.918898, 0.040000, 0.040000
0.165591, 0.362159, -0.024891, -1.327453, -0.049217, 1.839567, 0.921861, 0.040000, 0.040000
0.166748, 0.368821, -0.023666, -1.329653, -0.049502, 1.845897, 0.924824, 0.040000, 0.040000
0.167906, 0.375482, -0.022440, -1.331853, -0.049787, 1.852227, 0.927788, 0.040000, 0.040000
0.169063, 0.382143, -0.021214, -1.334053, -0.050072, 1.858557, 0.930751, 0.040000, 0.040000
0.170221, 0.388804, -0.019989, -1.336251, -0.050356, 1.864887, 0.933714, 0.040000, 0.040000
0.171378, 0.395464, -0.018764, -1.338450, -0.050641, 1.871216, 0.936677, 0.040000, 0.040000
0.172536, 0.402123, -0.017539, -1.340648, -0.050926, 1.877546, 0.939640, 0.040000, 0.040000
0.173693, 0.408782, -0.016314, -1.342845, -0.051210, 1.883876, 0.942603, 0.040000, 0.040000
0.174850, 0.415441, -0.015089, -1.345042, -0.051495, 1.890205, 0.945566, 0.040000, 0.040000
0.176008, 0.422099, -0.013864, -1.347239, -0.051779, 1.896535, 0.948528, 0.040000, 0.040000
0.177165, 0.428756, -0.012640, -1.349434, -0.052064, 1.902864, 0.951491, 0.040000, 0.040000
0.178323, 0.435413, -0.011415, -1.351630, -0.052348, 1.909194, 0.954454, 0.040000, 0.040000
0.179480, 0.442069, -0.010191, -1.353825, -0.052633, 1.915523, 0.957417, 0.040000, 0.040000
0.180638, 0.448725, -0.008967, -1.356019, -0.052917, 1.921853, 0.960379, 0.040000, 0.040000
0.181795, 0.455380, -0.007743, -1.358213, -0.053202, 1.928183, 0.963342, 0.040000, 0.040000
0.182953, 0.462035, -0.006519, -1.360407, -0.053486, 1.934512, 0.966305, 0.040000, 0.040000
0.184110, 0.468689, -0.005295, -1.362599, -0.053771, 1.940842, 0.969268, 0.040000, 0.040000
0.185268, 0.475342, -0.004071, -1.364792, -0.054055, 1.947172, 0.972230, 0.040000, 0.040000
0.186425, 0.481995, -0.002848, -1.366984, -0.054339, 1.953501, 0.975193, 0.040000, 0.040000
0.187583, 0.488647, -0.001624, -1.369176, -0.054623, 1.959831, 0.978155, 0.040000, 0.040000
0.188741, 0.495299, -0.000401, -1.371367, -0.054908, 1.966160, 0.981118, 0.040000, 0.040000
0.189898, 0.501950, 0.000822, -1.373557, -0.055192, 1.972489, 0.984081, 0.040000, 0.040000
0.191056, 0.508601, 0.002045, -1.375748, -0.055476, 1.978819, 0.987043, 0.040000, 0.040000
0.192213, 0.515251, 0.003268, -1.377937, -0.055760, 1.985148, 0.990006, 0.040000, 0.040000
0.193371, 0.521900, 0.004491, -1.380127, -0.056045, 1.991478, 0.992969, 0.040000, 0.040000
0.194528, 0.528549, 0.005714, -1.382316, -0.056329, 1.997807, 0.995931, 0.040000, 0.040000
0.195686, 0.535198, 0.006936, -1.384504, -0.056613, 2.004137, 0.998894, 0.040000, 0.040000
0.196843, 0.541846, 0.008158, -1.386692, -0.056897, 2.010466, 1.001856, 0.040000, 0.040000
0.198001, 0.548493, 0.009381, -1.388879, -0.057181, 2.016796, 1.004819, 0.040000, 0.040000
0.199159, 0.555139, 0.010603, -1.391066, -0.057465, 2.023125, 1.007781, 0.040000, 0.040000
0.200316, 0.561785, 0.011825, -1.393252, -0.057749, 2.029455, 1.010744, 0.040000, 0.040000
0.201474, 0.568431, 0.013047, -1.395438, -0.058033, 2.035784, 1.013706, 0.040000, 0.040000
0.202631, 0.575076, 0.014269, -1.397624, -0.058317, 2.042114, 1.016669, 0.040000, 0.040000
0.203789, 0.581720, 0.015490, -1.399809, -0.058601, 2.048444, 1.019631, 0.040000, 0.040000
0.204946, 0.588364, 0.016712, -1.401994, -0.058885, 2.054773, 1.022594, 0.040000, 0.040000
0.206104, 0.595007, 0.017933, -1.404178, -0.059169, 2.061102, 1.025556, 0.040000, 0.040000
0.207262, 0.601649, 0.019155, -1.406361, -0.059453, 2.067431, 1.028519, 0.040000, 0.040000
0.208419, 0.608291, 0.020376, -1.408545, -0.059737, 2.073761, 1.031481, 0.040000, 0.040000
0.209577, 0.614932, 0.021597, -1.410727, -0.060020, 2.080090, 1.034444, 0.040000, 0.040000
0.210735, 0.621573, 0.022818, -1.412910, -0.060304, 2.086419, 1.037406, 0.040000, 0.040000
0.211890, 0.628217, 0.024036, -1.415074, -0.060581, 2.092735, 1.040352, 0.040000, 0.040000
0.213041, 0.634865, 0.025248, -1.417209, -0.060846, 2.099025, 1.043269, 0.040000, 0.040000
0.214184, 0.641513, 0.026451, -1.419313, -0.061101, 2.105292, 1.046160, 0.040000, 0.040000
0.215319, 0.648161, 0.027646, -1.421388, -0.061345, 2.111537, 1.049028, 0.040000, 0.040000
0.216447, 0.654808, 0.028832, -1.423438, -0.061581, 2.117763, 1.051873, 0.040000, 0.040000
0.217568, 0.661454, 0.030011, -1.425463, -0.061808, 2.123971, 1.054700, 0.040000, 0.040000
0.218682, 0.668099, 0.031184, -1.427468, -0.062028, 2.130164, 1.057509, 0.040000, 0.040000
0.219789, 0.674776, 0.032342, -1.429300, -0.062174, 2.136173, 1.060188, 0.040000, 0.040000
0.220883, 0.681471, 0.033481, -1.430889, -0.062220, 2.141939, 1.062700, 0.040000, 0.040000
0.221961, 0.688166, 0.034598, -1.432239, -0.062175, 2.147485, 1.065059, 0.040000, 0.040000
0.223022, 0.694853, 0.035693, -1.433370, -0.062047, 2.152834, 1.067279, 0.040000, 0.040000
0.224068, 0.701529, 0.036769, -1.434299, -0.061843, 2.158005, 1.069373, 0.040000, 0.040000
0.225099, 0.708196, 0.037827, -1.435046, -0.061571, 2.163015, 1.071355, 0.040000, 0.040000
0.226117, 0.714854, 0.038869, -1.435629, -0.061238, 2.167879, 1.073234, 0.040000, 0.040000
0.227123, 0.721504, 0.039897, -1.436063, -0.060849, 2.172612, 1.075020, 0.040000, 0.040000
0.228119, 0.728149, 0.040912, -1.436363, -0.060410, 2.177226, 1.076722, 0.040000, 0.040000
0.229106, 0.734788, 0.041914, -1.436542, -0.059926, 2.181732, 1.078349, 0.040000, 0.040000
0.230084, 0.741423, 0.042907, -1.436613, -0.059400, 2.186141, 1.079906, 0.040000, 0.040000
0.231055, 0.748054, 0.043890, -1.436585, -0.058837, 2.190461, 1.081402, 0.040000, 0.040000
0.232019, 0.754683, 0.044865, -1.436469, -0.058241, 2.194702, 1.082842, 0.040000, 0.040000
0.241746, 0.821939, 0.054588, -1.434541, -0.051882, 2.236797, 1.096873, 0.040000, 0.040000
0.241769, 0.822505, 0.054581, -1.434765, -0.051892, 2.236790, 1.096874, 0.040000, 0.040000
0.241781, 0.823424, 0.054547, -1.435168, -0.051913, 2.236772, 1.096875, 0.040000, 0.040000
0.241788, 0.824475, 0.054501, -1.435590, -0.051939, 2.236794, 1.096878, 0.040000, 0.040000
0.241794, 0.825563, 0.054451, -1.435971, -0.051966, 2.236867, 1.096882, 0.040000, 0.040000
0.241800, 0.826653, 0.054401, -1.436295, -0.051994, 2.236992, 1.096887, 0.040000, 0.040000
0.241808, 0.827730, 0.054352, -1.436556, -0.052022, 2.237166, 1.096894, 0.040000, 0.040000
0.241817, 0.828792, 0.054304, -1.436757, -0.052051, 2.237386, 1.096901, 0.040000, 0.040000
0.241827, 0.829837, 0.054257, -1.436903, -0.052080, 2.237647, 1.096910, 0.040000, 0.040000
0.241840, 0.830867, 0.054213, -1.436999, -0.052109, 2.237946, 1.096918, 0.040000, 0.040000
0.241854, 0.831883, 0.054169, -1.437049, -0.052138, 2.238279, 1.096928, 0.040000, 0.040000
0.241869, 0.832887, 0.054127, -1.437058, -0.052167, 2.238643, 1.096938, 0.040000, 0.040000
0.241886, 0.833880, 0.054086, -1.437030, -0.052196, 2.239035, 1.096949, 0.040000, 0.040000
0.241903, 0.834863, 0.054046, -1.436969, -0.052226, 2.239452, 1.096960, 0.040000, 0.040000
0.241922, 0.835837, 0.054007, -1.436878, -0.052256, 2.239891, 1.096972, 0.040000, 0.040000
0.241942, 0.836804, 0.053969, -1.436761, -0.052285, 2.240351, 1.096985, 0.040000, 0.040000
0.241962, 0.837764, 0.053931, -1.436619, -0.052315, 2.240829, 1.096997, 0.040000, 0.040000
0.241983, 0.838718, 0.053894, -1.436456, -0.052345, 2.241324, 1.097010, 0.040000, 0.040000
0.242005, 0.839667, 0.053858, -1.436273, -0.052375, 2.241833, 1.097024, 0.040000, 0.040000
0.242028, 0.840612, 0.053822, -1.436073, -0.052405, 2.242357, 1.097037, 0.040000, 0.040000
0.242051, 0.841552, 0.053787, -1.435856, -0.052435, 2.242892, 1.097051, 0.040000, 0.040000
0.242074, 0.842490, 0.053752, -1.435626, -0.052466, 2.243438, 1.097065, 0.040000, 0.040000
0.242098, 0.843424, 0.053717, -1.435383, -0.052496, 2.243994, 1.097080, 0.040000, 0.040000
0.242122, 0.844355, 0.053683, -1.435129, -0.052526, 2.244559, 1.097094, 0.040000, 0.040000
0.242147, 0.845284, 0.053649, -1.434864, -0.052557, 2.245132, 1.097109, 0.040000, 0.040000
0.242172, 0.846211, 0.053615, -1.434590, -0.052587, 2.245713, 1.097124, 0.040000, 0.040000
0.242197, 0.847136, 0.053581, -1.434308, -0.052618, 2.246299, 1.097139, 0.040000, 0.040000
0.242222, 0.848060, 0.053548, -1.434018, -0.052648, 2.246892, 1.097154, 0.040000, 0.040000
0.242248, 0.848982, 0.053515, -1.433722, -0.052679, 2.247490, 1.097169, 0.040000, 0.040000
0.242274, 0.849902, 0.053482, -1.433419, -0.052710, 2.248093, 1.097184, 0.040000, 0.040000
0.242300, 0.850822, 0.053449, -1.433112, -0.052741, 2.248701, 1.097200, 0.040000, 0.040000
0.242326, 0.851741, 0.053416, -1.432799, -0.052771, 2.249312, 1.097216, 0.040000, 0.040000
0.242353, 0.852659, 0.053383, -1.432482, -0.052802, 2.249927, 1.097231, 0.040000, 0.040000
0.242379, 0.853576, 0.053351, -1.432160, -0.052833, 2.250545, 1.097247, 0.040000, 0.040000
0.242406, 0.854493, 0.053318, -1.431836, -0.052864, 2.251166, 1.097263, 0.040000, 0.040000
0.242432, 0.855409, 0.053286, -1.431508, -0.052895, 2.251790, 1.097278, 0.040000, 0.040000
0.242459, 0.856325, 0.053253, -1.431178, -0.052926, 2.252416, 1.097294, 0.040000, 0.040000
0.242486, 0.857240, 0.053221, -1.430845, -0.052957, 2.253044, 1.097310, 0.040000, 0.040000
0.242513, 0.858155, 0.053189, -1.430509, -0.052988, 2.253674, 1.097326, 0.040000, 0.040000
0.242540, 0.859070, 0.053156, -1.430171, -0.053019, 2.254306, 1.097342, 0.040000, 0.040000
0.242567, 0.859984, 0.053124, -1.429832, -0.053050, 2.254939, 1.097358, 0.040000, 0.040000
0.242594, 0.860898, 0.053092, -1.429491, -0.053081, 2.255573, 1.097374, 0.040000, 0.040000
0.242621, 0.861812, 0.053060, -1.429148, -0.053112, 2.256209, 1.097390, 0.040000, 0.040000
0.242649, 0.862726, 0.053028, -1.428804, -0.053143, 2.256846, 1.097406, 0.040000, 0.040000
0.242676, 0.863640, 0.052996, -1.428458, -0.053174, 2.257484, 1.097422, 0.040000, 0.040000
0.242703, 0.864553, 0.052964, -1.428112, -0.053205, 2.258123, 1.097438, 0.040000, 0.040000
0.242730, 0.865466, 0.052931, -1.427764, -0.053236, 2.258763, 1.097454, 0.040000, 0.040000
0.242758, 0.866380, 0.052899, -1.427416, -0.053268, 2.259403, 1.097470, 0.040000, 0.040000
0.242785, 0.867293, 0.052867, -1.427067, -0.053299, 2.260045, 1.097487, 0.040000, 0.040000
0.242813, 0.868206, 0.052835, -1.426717, -0.053330, 2.260687, 1.097503, 0.040000, 0.040000
0.242840, 0.869119, 0.052803, -1.426366, -0.053361, 2.261329, 1.097519, 0.040000, 0.040000
0.242868, 0.870032, 0.052772, -1.426015, -0.053392, 2.261972, 1.097536, 0.040000, 0.040000
0.242895, 0.870945, 0.052740, -1.425663, -0.053423, 2.262615, 1.097552, 0.040000, 0.040000
0.242922, 0.871858, 0.052708, -1.425311, -0.053455, 2.263259, 1.097568, 0.040000, 0.040000
0.242950, 0.872771, 0.052676, -1.424959, -0.053486, 2.263903, 1.097585, 0.040000, 0.040000
0.242978, 0.873684, 0.052644, -1.424605, -0.053517, 2.264547, 1.097601, 0.040000, 0.040000
0.243005, 0.874597, 0.052612, -1.424252, -0.053548, 2.265192, 1.097617, 0.040000, 0.040000
0.243033, 0.875510, 0.052580, -1.423899, -0.053579, 2.265837, 1.097634, 0.040000, 0.040000
0.243060, 0.876422, 0.052548, -1.423545, -0.053611, 2.266483, 1.097650, 0.040000, 0.040000
0.243088, 0.877335, 0.052516, -1.423191, -0.053642, 2.267128, 1.097666, 0.040000, 0.040000
0.243115, 0.878248, 0.052484, -1.422836, -0.053673, 2.267774, 1.097683, 0.040000, 0.040000
0.243143, 0.879161, 0.052452, -1.422482, -0.053704, 2.268420, 1.097699, 0.040000, 0.040000
0.243170, 0.880073, 0.052420, -1.422127, -0.053735, 2.269066, 1.097715, 0.040000, 0.040000
0.243198, 0.880986, 0.052388, -1.421772, -0.053767, 2.269712, 1.097732, 0.040000, 0.040000
0.243226, 0.881899, 0.052356, -1.421417, -0.053798, 2.270358, 1.097748, 0.040000, 0.040000
0.243253, 0.882812, 0.052325, -1.421062, -0.053829, 2.271005, 1.097764, 0.040000, 0.040000
0.243281, 0.883724, 0.052293, -1.420706, -0.053860, 2.271651, 1.097781, 0.040000, 0.040000
0.243308, 0.884637, 0.052261, -1.420351, -0.053891, 2.272298, 1.097797, 0.040000, 0.040000
0.243336, 0.885550, 0.052229, -1.419995, -0.053923, 2.272945, 1.097813, 0.040000, 0.040000
0.243363, 0.886462, 0.052197, -1.419640, -0.053954, 2.273592, 1.097830, 0.040000, 0.040000
0.243391, 0.887375, 0.052165, -1.419284, -0.053985, 2.274239, 1.097846, 0.040000, 0.040000
0.243419, 0.888288, 0.052133, -1.418928, -0.054016, 2.274886, 1.097862, 0.040000, 0.040000
0.243446, 0.889200, 0.052101, -1.418572, -0.054048, 2.275533, 1.097879, 0.040000, 0.040000
0.243474, 0.890113, 0.052069, -1.418216, -0.054079, 2.276181, 1.097895, 0.040000, 0.040000
0.243501, 0.891026, 0.052038, -1.417860, -0.054110, 2.276828, 1.097911, 0.040000, 0.040000
0.243529, 0.891938, 0.052006, -1.417504, -0.054141, 2.277475, 1.097928, 0.040000, 0.040000
0.243557, 0.892851, 0.051974, -1.417148, -0.054173, 2.278123, 1.097944, 0.040000, 0.040000
0.243584, 0.893764, 0.051942, -1.416792, -0.054204, 2.278770, 1.097960, 0.040000, 0.040000
0.243612, 0.894676, 0.051910, -1.416436, -0.054235, 2.279417, 1.097977, 0.040000, 0.040000
0.243640, 0.895589, 0.051878, -1.416080, -0.054266, 2.280065, 1.097993, 0.040000, 0.040000
0.243667, 0.896502, 0.051846, -1.415723, -0.054297, 2.280712, 1.098009, 0.040000, 0.040000
0.243695, 0.897414, 0.051814, -1.415367, -0.054329, 2.281359, 1.098026, 0.040000, 0.040000
0.243722, 0.898327, 0.051783, -1.415011, -0.054360, 2.282007, 1.098042, 0.040000, 0.040000
0.243750, 0.899240, 0.051751, -1.414655, -0.054391, 2.282654, 1.098058, 0.040000, 0.040000
0.243778, 0.900152, 0.051719, -1.414298, -0.054422, 2.283301, 1.098075, 0.040000, 0.040000
0.243805, 0.901065, 0.051687, -1.413942, -0.054454, 2.283948, 1.098091, 0.040000, 0.040000
0.243833, 0.901978, 0.051655, -1.413586, -0.054485, 2.284596, 1.098107, 0.040000, 0.040000
0.243861, 0.902890, 0.051623, -1.413229, -0.054516, 2.285243, 1.098124, 0.040000, 0.040000
0.243888, 0.903803, 0.051591, -1.412873, -0.054547, 2.285891, 1.098140, 0.040000, 0.040000
0.243916, 0.904715, 0.051559, -1.412517, -0.054579, 2.286538, 1.098156, 0.040000, 0.040000
0.243943, 0.905628, 0.051528, -1.412160, -0.054610, 2.287186, 1.098173, 0.040000, 0.040000
0.243971, 0.906540, 0.051496, -1.411804, -0.054641, 2.287833, 1.098189, 0.040000, 0.040000
0.243999, 0.907453, 0.051464, -1.411447, -0.054672, 2.288481, 1.098205, 0.040000, 0.040000
0.244026, 0.908366, 0.051432, -1.411091, -0.054704, 2.289129, 1.098222, 0.040000, 0.040000
0.244054, 0.909278, 0.051400, -1.410735, -0.054735, 2.289776, 1.098238, 0.040000, 0.040000
0.244082, 0.910191, 0.051368, -1.410378, -0.054766, 2.290424, 1.098254, 0.040000, 0.040000
0.244109, 0.911103, 0.051336, -1.410022, -0.054797, 2.291071, 1.098271, 0.040000, 0.040000
0.244137, 0.912016, 0.051305, -1.409665, -0.054829, 2.291719, 1.098287, 0.040000, 0.040000
0.244164, 0.912928, 0.051273, -1.409309, -0.054860, 2.292366, 1.098304, 0.040000, 0.040000
0.244192, 0.913841, 0.051241, -1.408952, -0.054891, 2.293014, 1.098320, 0.040000, 0.040000
0.244220, 0.914753, 0.051209, -1.408596, -0.054922, 2.293661, 1.098336, 0.040000, 0.040000
0.244247, 0.915666, 0.051177, -1.408239, -0.054953, 2.294309, 1.098353, 0.040000, 0.040000
0.244275, 0.916578, 0.051145, -1.407883, -0.054985, 2.294956, 1.098369, 0.040000, 0.040000
0.244303, 0.917491, 0.051113, -1.407527, -0.055016, 2.295604, 1.098385, 0.040000, 0.040000
0.244330, 0.918403, 0.051082, -1.407170, -0.055047, 2.296252, 1.098402, 0.040000, 0.040000
0.244358, 0.919316, 0.051050, -1.406814, -0.055078, 2.296899, 1.098418, 0.040000, 0.040000
0.244385, 0.920228, 0.051018, -1.406457, -0.055110, 2.297547, 1.098435, 0.040000, 0.040000
0.244413, 0.921141, 0.050986, -1.406101, -0.055141, 2.298194, 1.098451, 0.040000, 0.040000
0.244441, 0.922053, 0.050954, -1.405744, -0.055172, 2.298842, 1.098467, 0.040000, 0.040000
0.244468, 0.922966, 0.050922, -1.405388, -0.055203, 2.299489, 1.098484, 0.040000, 0.040000
0.244496, 0.923878, 0.050890, -1.405032, -0.055235, 2.300137, 1.098500, 0.040000, 0.040000
0.244524, 0.924791, 0.050859, -1.404675, -0.055266, 2.300784, 1.098516, 0.040000, 0.040000
0.244551, 0.925703, 0.050827, -1.404319, -0.055297, 2.301432, 1.098533, 0.040000, 0.040000
0.244579, 0.926615, 0.050795, -1.403962, -0.055328, 2.302080, 1.098549, 0.040000, 0.040000
0.244606, 0.927528, 0.050763, -1.403606, -0.055360, 2.302727, 1.098565, 0.040000, 0.040000
0.244634, 0.928440, 0.050731, -1.403249, -0.055391, 2.303375, 1.098582, 0.040000, 0.040000
0.244662, 0.929353, 0.050699, -1.402893, -0.055422, 2.304022, 1.098598, 0.040000, 0.040000
0.244689, 0.930265, 0.050668, -1.402537, -0.055453, 2.304670, 1.098614, 0.040000, 0.040000
0.244717, 0.931178, 0.050636, -1.402180, -0.055485, 2.305318, 1.098631, 0.040000, 0.040000
0.244745, 0.932090, 0.050604, -1.401824, -0.055516, 2.305965, 1.098647, 0.040000, 0.040000
0.244772, 0.933003, 0.050572, -1.401467, -0.055547, 2.306613, 1.098664, 0.040000, 0.040000
0.244800, 0.933915, 0.050540, -1.401111, -0.055578, 2.307260, 1.098680, 0.040000, 0.040000
0.244827, 0.934828, 0.050508, -1.400754, -0.055610, 2.307908, 1.098696, 0.040000, 0.040000
0.244855, 0.935740, 0.050476, -1.400398, -0.055641, 2.308556, 1.098713, 0.040000, 0.040000
0.244883, 0.936653, 0.050445, -1.400041, -0.055672, 2.309203, 1.098729, 0.040000, 0.040000
0.244910, 0.937565, 0.050413, -1.399685, -0.055703, 2.309851, 1.098745, 0.040000, 0.040000
0.244938, 0.938477, 0.050381, -1.399329, -0.055734, 2.310498, 1.098762, 0.040000, 0.040000
0.244966, 0.939390, 0.050349, -1.398972, -0.055766, 2.311146, 1.098778, 0.040000, 0.040000
0.244993, 0.940302, 0.050317, -1.398615, -0.055797, 2.311793, 1.098794, 0.040000, 0.040000
0.245021, 0.941215, 0.050285, -1.398259, -0.055828, 2.312441, 1.098811, 0.040000, 0.040000
0.245048, 0.942127, 0.050254, -1.397902, -0.055859, 2.313089, 1.098827, 0.040000, 0.040000
0.245076, 0.943039, 0.050222, -1.397546, -0.055891, 2.313736, 1.098843, 0.040000, 0.040000
0.245104, 0.943952, 0.050190, -1.397189, -0.055922, 2.314384, 1.098860, 0.040000, 0.040000
0.245131, 0.944864, 0.050158, -1.396833, -0.055953, 2.315031, 1.098876, 0.040000, 0.040000
0.245159, 0.945776, 0.050126, -1.396476, -0.055984, 2.315679, 1.098892, 0.040000, 0.040000
0.245187, 0.946689, 0.050094, -1.396120, -0.056016, 2.316327, 1.098909, 0.040000, 0.040000
0.245214, 0.947601, 0.050063, -1.395763, -0.056047, 2.316974, 1.098925, 0.040000, 0.040000
0.245242, 0.948513, 0.050031, -1.395407, -0.056078, 2.317622, 1.098942, 0.040000, 0.040000
0.245269, 0.949425, 0.049999, -1.395050, -0.056109, 2.318269, 1.098958, 0.040000, 0.040000
0.245297, 0.950338, 0.049967, -1.394693, -0.056141, 2.318917, 1.098974, 0.040000, 0.040000
0.245325, 0.951250, 0.049935, -1.394337, -0.056172, 2.319565, 1.098991, 0.040000, 0.040000
0.245352, 0.952162, 0.049903, -1.393980, -0.056203, 2.320212, 1.099007, 0.040000, 0.040000
0.245380, 0.953074, 0.049872, -1.393624, -0.056234, 2.320860, 1.099023, 0.040000, 0.040000
0.245408, 0.953987, 0.049840, -1.393267, -0.056266, 2.321507, 1.099040, 0.040000, 0.040000
0.245435, 0.954899, 0.049808, -1.392911, -0.056297, 2.322155, 1.099056, 0.040000, 0.040000
0.245463, 0.955811, 0.049776, -1.392554, -0.056328, 2.322803, 1.099072, 0.040000, 0.040000
0.245490, 0.956723, 0.049744, -1.392198, -0.056359, 2.323450, 1.099089, 0.040000, 0.040000
0.245518, 0.957636, 0.049712, -1.391841, -0.056390, 2.324098, 1.099105, 0.040000, 0.040000
0.245546, 0.958548, 0.049681, -1.391484, -0.056422, 2.324745, 1.099121, 0.040000, 0.040000
0.245573, 0.959460, 0.049649, -1.391128, -0.056453, 2.325393, 1.099138, 0.040000, 0.040000
0.245601, 0.960372, 0.049617, -1.390771, -0.056484, 2.326041, 1.099154, 0.040000, 0.040000
0.245629, 0.961284, 0.049585, -1.390415, -0.056515, 2.326688, 1.099171, 0.040000, 0.040000
0.245656, 0.962197, 0.049553, -1.390058, -0.056547, 2.327336, 1.099187, 0.040000, 0.040000
0.245684, 0.963109, 0.049522, -1.389702, -0.056578, 2.327983, 1.099203, 0.040000, 0.040000
0.245711, 0.964021, 0.049490, -1.389345, -0.056609, 2.328631, 1.099220, 0.040000, 0.040000
0.245739, 0.964933, 0.049458, -1.388988, -0.056640, 2.329278, 1.099236, 0.040000, 0.040000
0.245767, 0.965845, 0.049426, -1.388632, -0.056672, 2.329926, 1.099252, 0.040000, 0.040000
0.245794, 0.966757, 0.049394, -1.388275, -0.056703, 2.330574, 1.099269, 0.040000, 0.040000
0.245822, 0.967669, 0.049362, -1.387918, -0.056734, 2.331221, 1.099285, 0.040000, 0.040000
0.245850, 0.968581, 0.049331, -1.387562, -0.056765, 2.331869, 1.099301, 0.040000, 0.040000
0.245877, 0.969494, 0.049299, -1.387205, -0.056797, 2.332516, 1.099318, 0.040000, 0.040000
0.245905, 0.970406, 0.049267, -1.386849, -0.056828, 2.333164, 1.099334, 0.040000, 0.040000
0.245932, 0.971318, 0.049235, -1.386492, -0.056859, 2.333812, 1.099350, 0.040000, 0.040000
0.245960, 0.972230, 0.049203, -1.386135, -0.056890, 2.334459, 1.099367, 0.040000, 0.040000
0.245988, 0.973142, 0.049172, -1.385779, -0.056921, 2.335107, 1.099383, 0.040000, 0.040000
0.246015, 0.974054, 0.049140, -1.385422, -0.056953, 2.335754, 1.099400, 0.040000, 0.040000
0.246043, 0.974966, 0.049108, -1.385066, -0.056984, 2.336402, 1.099416, 0.040000, 0.040000
0.246071, 0.975878, 0.049076, -1.384709, -0.057015, 2.337049, 1.099432, 0.040000, 0.040000
0.246098, 0.976791, 0.049044, -1.384352, -0.057046, 2.337697, 1.099449, 0.040000, 0.040000
0.246126, 0.977703, 0.049013, -1.383996, -0.057078, 2.338345, 1.099465, 0.040000, 0.040000
0.246153, 0.978615, 0.048981, -1.383639, -0.057109, 2.338992, 1.099481, 0.040000, 0.040000
0.246181, 0.979527, 0.048949, -1.383282, -0.057140, 2.339640, 1.099498, 0.040000, 0.040000
0.246209, 0.980439, 0.048917, -1.382926, -0.057171, 2.340287, 1.099514, 0.040000, 0.040000
0.246236, 0.981351, 0.048885, -1.382569, -0.057203, 2.340935, 1.099530, 0.040000, 0.040000
0.246264, 0.982263, 0.048853, -1.382213, -0.057234, 2.341583, 1.099547, 0.040000, 0.040000
0.246292, 0.983175, 0.048822, -1.381856, -0.057265, 2.342230, 1.099563, 0.040000, 0.040000
0.246319, 0.984087, 0.048790, -1.381499, -0.057296, 2.342878, 1.099579, 0.040000, 0.040000
0.246347, 0.984999, 0.048758, -1.381143, -0.057328, 2.343525, 1.099596, 0.040000, 0.040000
0.246374, 0.985911, 0.048726, -1.380786, -0.057359, 2.344173, 1.099612, 0.040000, 0.040000
0.246402, 0.986823, 0.048694, -1.380430, -0.057390, 2.344820, 1.099628, 0.040000, 0.040000
0.246430, 0.987735, 0.048663, -1.380073, -0.057421, 2.345468, 1.099645, 0.040000, 0.040000
0.246457, 0.988647, 0.048631, -1.379716, -0.057452, 2.346116, 1.099661, 0.040000, 0.040000
0.246485, 0.989559, 0.048599, -1.379359, -0.057484, 2.346763, 1.099678, 0.040000, 0.040000
0.246513, 0.990471, 0.048567, -1.379003, -0.057515, 2.347411, 1.099694, 0.040000, 0.040000
0.246540, 0.991382, 0.048535, -1.378646, -0.057546, 2.348058, 1.099710, 0.040000, 0.040000
0.246568, 0.992294, 0.048504, -1.378290, -0.057577, 2.348706, 1.099727, 0.040000, 0.040000
0.246595, 0.993206, 0.048472, -1.377933, -0.057609, 2.349354, 1.099743, 0.040000, 0.040000
0.246623, 0.994118, 0.048440, -1.377576, -0.057640, 2.350001, 1.099759, 0.040000, 0.040000
0.246651, 0.995030, 0.048408, -1.377220, -0.057671, 2.350649, 1.099776, 0.040000, 0.040000
0.246678, 0.995942, 0.048376, -1.376863, -0.057702, 2.351296, 1.099792, 0.040000, 0.040000
0.246706, 0.996854, 0.048345, -1.376506, -0.057734, 2.351944, 1.099808, 0.040000, 0.040000
0.246734, 0.997766, 0.048313, -1.376150, -0.057765, 2.352592, 1.099825, 0.040000, 0.040000
0.246761, 0.998678, 0.048281, -1.375793, -0.057796, 2.353239, 1.099841, 0.040000, 0.040000
0.246789, 0.999590, 0.048249, -1.375437, -0.057827, 2.353887, 1.099858, 0.040000, 0.040000
0.246817, 1.000502, 0.048218, -1.375080, -0.057858, 2.354534, 1.099874, 0.040000, 0.040000
0.246844, 1.001414, 0.048186, -1.374723, -0.057890, 2.355182, 1.099890, 0.040000, 0.040000
0.246872, 1.002326, 0.048154, -1.374367, -0.057921, 2.355829, 1.099907, 0.040000, 0.040000
0.246899, 1.003238, 0.048122, -1.374010, -0.057952, 2.356477, 1.099923, 0.040000, 0.040000
0.246927, 1.004150, 0.048090, -1.373653, -0.057983, 2.357125, 1.099939, 0.040000, 0.040000
0.246955, 1.005062, 0.048059, -1.373297, -0.058015, 2.357773, 1.099956, 0.040000, 0.040000
0.247461, 1.011689, 0.048359, -1.367833, -0.057983, 2.364964, 1.099999, 0.038980, 0.038978
0.247457, 1.011856, 0.048373, -1.367733, -0.057957, 2.365086, 1.099996, 0.038980, 0.038967
0.247451, 1.011982, 0.048388, -1.367637, -0.057928, 2.365189, 1.099993, 0.038982, 0.038958
0.247444, 1.012080, 0.048402, -1.367546, -0.057900, 2.365277, 1.099989, 0.038980, 0.038951
0.247437, 1.012158, 0.048415, -1.367459, -0.057873, 2.365356, 1.099985, 0.038977, 0.038944
0.247430, 1.012224, 0.048428, -1.367378, -0.057849, 2.365429, 1.099981, 0.038971, 0.038938
0.247424, 1.012281, 0.048439, -1.367301, -0.057828, 2.365496, 1.099977, 0.038964, 0.038931
0.247419, 1.012332, 0.048449, -1.367230, -0.057809, 2.365560, 1.099975, 0.038956, 0.038924
0.247415, 1.012378, 0.048459, -1.367164, -0.057792, 2.365619, 1.099972, 0.038947, 0.038917
0.247412, 1.012421, 0.048467, -1.367102, -0.057777, 2.365676, 1.099970, 0.038938, 0.038909
0.247410, 1.012460, 0.048474, -1.367045, -0.057764, 2.365729, 1.099969, 0.038929, 0.038901
0.247408, 1.012497, 0.048481, -1.366992, -0.057753, 2.365779, 1.099968, 0.038919, 0.038893
0.247406, 1.012531, 0.048488, -1.366942, -0.057743, 2.365827, 1.099968, 0.038910, 0.038885
0.247406, 1.012563, 0.048493, -1.366897, -0.057734, 2.365872, 1.099968, 0.038899, 0.038876
0.247405, 1.012592, 0.048499, -1.366854, -0.057726, 2.365915, 1.099968, 0.038889, 0.038867
0.247405, 1.012619, 0.048503, -1.366814, -0.057719, 2.365956, 1.099968, 0.038878, 0.038857
0.247406, 1.012645, 0.048508, -1.366778, -0.057714, 2.365994, 1.099969, 0.038867, 0.038847
0.247406, 1.012669, 0.048512, -1.366743, -0.057709, 2.366030, 1.099970, 0.038855, 0.038836
0.247408, 1.012691, 0.048516, -1.366711, -0.057705, 2.366065, 1.099971, 0.038843, 0.038825
0.247409, 1.012712, 0.048520, -1.366682, -0.057701, 2.366098, 1.099972, 0.038830, 0.038814
0.247410, 1.012731, 0.048523, -1.366654, -0.057698, 2.366128, 1.099973, 0.038817, 0.038802
0.247412, 1.012749, 0.048526, -1.366628, -0.057696, 2.366158, 1.099974, 0.038804, 0.038789
0.247414, 1.012766, 0.048529, -1.366604, -0.057694, 2.366185, 1.099975, 0.038790, 0.038776
0.247416, 1.012782, 0.048532, -1.366581, -0.057692, 2.366212, 1.099976, 0.038775, 0.038763
0.247418, 1.012797, 0.048535, -1.366560, -0.057691, 2.366237, 1.099977, 0.038761, 0.038749
0.247421, 1.012810, 0.048538, -1.366541, -0.057690, 2.366260, 1.099977, 0.038745, 0.038734
0.247423, 1.012823, 0.048541, -1.366522, -0.057690, 2.366282, 1.099978, 0.038730, 0.038719
0.247426, 1.012836, 0.048543, -1.366505, -0.057689, 2.366303, 1.099979, 0.038713, 0.038704
0.247428, 1.012847, 0.048546, -1.366489, -0.057689, 2.366323, 1.099980, 0.038697, 0.038688
0.247431, 1.012858, 0.048548, -1.366474, -0.057689, 2.366342, 1.099981, 0.038679, 0.038671
0.247434, 1.012867, 0.048551, -1.366460, -0.057689, 2.366360, 1.099982, 0.038662, 0.038654
0.247437, 1.012877, 0.048553, -1.366447, -0.057689, 2.366377, 1.099983, 0.038643, 0.038637
0.247439, 1.012886, 0.048556, -1.366435, -0.057689, 2.366392, 1.099984, 0.038625, 0.038618
0.247442, 1.012894, 0.048558, -1.366424, -0.057689, 2.366407, 1.099985, 0.038605, 0.038600
0.247445, 1.012901, 0.048561, -1.366413, -0.057689, 2.366421, 1.099986, 0.038586, 0.038580
0.247448, 1.012909, 0.048563, -1.366403, -0.057690, 2.366435, 1.099986, 0.038565, 0.038561
0.247451, 1.012915, 0.048566, -1.366394, -0.057690, 2.366447, 1.099987, 0.038544, 0.038540
0.247454, 1.012922, 0.048568, -1.366385, -0.057691, 2.366459, 1.099987, 0.038523, 0.038519
0.247458, 1.012928, 0.048571, -1.366377, -0.057691, 2.366470, 1.099988, 0.038501, 0.038498
0.247461, 1.012933, 0.048573, -1.366369, -0.057692, 2.366481, 1.099988, 0.038479, 0.038476
0.247464, 1.012939, 0.048576, -1.366362, -0.057692, 2.366491, 1.099988, 0.038456, 0.038454
0.247467, 1.012943, 0.048578, -1.366355, -0.057693, 2.366500, 1.099988, 0.038432, 0.038431
0.247470, 1.012948, 0.048581, -1.366349, -0.057694, 2.366510, 1.099989, 0.038408, 0.038407
0.247473, 1.012953, 0.048583, -1.366343, -0.057694, 2.366518, 1.099989, 0.038384, 0.038383
0.247477, 1.012956, 0.048586, -1.366338, -0.057695, 2.366525, 1.099990, 0.038358, 0.038358
0.247480, 1.012960, 0.048589, -1.366333, -0.057695, 2.366533, 1.099990, 0.038333, 0.038333
0.247483, 1.012964, 0.048591, -1.366328, -0.057696, 2.366540, 1.099990, 0.038307, 0.038307
0.247486, 1.012968, 0.048594, -1.366323, -0.057697, 2.366547, 1.099990, 0.038280, 0.038281
0.247490, 1.012970, 0.048597, -1.366319, -0.057697, 2.366553, 1.099991, 0.038253, 0.038254
0.247493, 1.012973, 0.048599, -1.366315, -0.057698, 2.366558, 1.099991, 0.038225, 0.038226
0.247496, 1.012976, 0.048602, -1.366311, -0.057698, 2.366564, 1.099991, 0.038196, 0.038198
0.247500, 1.012979, 0.048605, -1.366307, -0.057699, 2.366570, 1.099991, 0.038167, 0.038170
0.247503, 1.012982, 0.048608, -1.366304, -0.057699, 2.366575, 1.099992, 0.038138, 0.038141
0.247506, 1.012984, 0.048611, -1.366301, -0.057700, 2.366580, 1.099992, 0.038108, 0.038111
0.247510, 1.012986, 0.048614, -1.366298, -0.057701, 2.366584, 1.099992, 0.038077, 0.038081
0.247513, 1.012988, 0.048617, -1.366295, -0.057701, 2.366587, 1.099992, 0.038046, 0.038050
0.247517, 1.012990, 0.048620, -1.366293, -0.057702, 2.366591, 1.099992, 0.038015, 0.038019
0.247520, 1.012992, 0.048622, -1.366290, -0.057702, 2.366595, 1.099993, 0.037983, 0.037987
0.247524, 1.012994, 0.048625, -1.366288, -0.057703, 2.366599, 1.099993, 0.037950, 0.037955
0.247527, 1.012996, 0.048629, -1.366286, -0.057703, 2.366603, 1.099993, 0.037916, 0.037922
0.247607, 1.013016, 0.048697, -1.366265, -0.057717, 2.366633, 1.099993, 0.036880, 0.036891
0.247608, 1.013103, 0.048719, -1.366155, -0.057694, 2.366713, 1.099988, 0.036861, 0.036844
0.247609, 1.013168, 0.048733, -1.366064, -0.057676, 2.366776, 1.099985, 0.036830, 0.036807
0.247608, 1.013190, 0.048741, -1.366012, -0.057659, 2.366794, 1.099984, 0.036794, 0.036775
0.247608, 1.013178, 0.048745, -1.365995, -0.057645, 2.366773, 1.099984, 0.036755, 0.036747
0.247608, 1.013137, 0.048747, -1.366012, -0.057633, 2.366716, 1.099986, 0.036716, 0.036718
0.247610, 1.013070, 0.048748, -1.366062, -0.057623, 2.366624, 1.099990, 0.036676, 0.036690
0.247614, 1.012979, 0.048747, -1.366142, -0.057613, 2.366500, 1.099995, 0.036636, 0.036661
0.247619, 1.012866, 0.048745, -1.366252, -0.057605, 2.366343, 1.100002, 0.036597, 0.036632
0.247627, 1.012731, 0.048741, -1.366389, -0.057598, 2.366152, 1.100012, 0.036557, 0.036602
0.247637, 1.012572, 0.048738, -1.366554, -0.057593, 2.365928, 1.100023, 0.036518, 0.036570
0.247651, 1.012389, 0.048738, -1.366745, -0.057588, 2.365666, 1.100034, 0.036473, 0.036533
0.247670, 1.012177, 0.048742, -1.366964, -0.057585, 2.365365, 1.100043, 0.036417, 0.036482
0.247695, 1.011937, 0.048757, -1.367210, -0.057574, 2.365022, 1.100054, 0.036332, 0.036402
0.247733, 1.011673, 0.048791, -1.367484, -0.057555, 2.364643, 1.100065, 0.036198, 0.036276
0.247782, 1.011382, 0.048831, -1.367777, -0.057542, 2.364230, 1.100073, 0.036032, 0.036111
0.247835, 1.011062, 0.048874, -1.368085, -0.057532, 2.363790, 1.100076, 0.035839, 0.035917
0.247879, 1.010754, 0.048877, -1.368459, -0.057556, 2.363271, 1.100070, 0.034936, 0.034976
0.247906, 1.010452, 0.048883, -1.368846, -0.057564, 2.362756, 1.100066, 0.033690, 0.033738
0.247914, 1.010147, 0.048843, -1.369267, -0.057600, 2.362196, 1.100059, 0.031672, 0.031687
0.247909, 1.009809, 0.048804, -1.369670, -0.057626, 2.361645, 1.100053, 0.029525, 0.029538
0.247891, 1.009436, 0.048747, -1.370063, -0.057657, 2.361089, 1.100047, 0.027073, 0.027077
0.247866, 1.009016, 0.048688, -1.370430, -0.057685, 2.360537, 1.100042, 0.024625, 0.024626
0.247840, 1.008545, 0.048633, -1.370771, -0.057710, 2.359993, 1.100037, 0.022310, 0.022310
0.247816, 1.008026, 0.048585, -1.371083, -0.057730, 2.359457, 1.100033, 0.020220, 0.020224
0.247797, 1.007461, 0.048541, -1.371372, -0.057751, 2.358926, 1.100029, 0.019040, 0.019041
0.247777, 1.006859, 0.048499, -1.371639, -0.057770, 2.358399, 1.100026, 0.019070, 0.019070
0.247758, 1.006221, 0.048461, -1.371887, -0.057786, 2.357877, 1.100023, 0.019232, 0.019232
0.247741, 1.005551, 0.048427, -1.372117, -0.057801, 2.357359, 1.100020, 0.019368, 0.019368
0.247726, 1.004851, 0.048396, -1.372331, -0.057815, 2.356845, 1.100017, 0.019471, 0.019471
0.247713, 1.004126, 0.048369, -1.372531, -0.057827, 2.356334, 1.100015, 0.019547, 0.019547
0.247701, 1.003377, 0.048345, -1.372717, -0.057838, 2.355827, 1.100013, 0.019604, 0.019604
0.247690, 1.002607, 0.048323, -1.372893, -0.057848, 2.355323, 1.100011, 0.019646, 0.019646
0.247681, 1.001818, 0.048304, -1.373058, -0.057857, 2.354820, 1.100009, 0.019679, 0.019679
0.247673, 1.001013, 0.048287, -1.373213, -0.057865, 2.354321, 1.100007, 0.019703, 0.019703
0.247665, 1.000192, 0.048272, -1.373361, -0.057872, 2.353822, 1.100006, 0.019721, 0.019721
0.247659, 0.999358, 0.048258, -1.373501, -0.057879, 2.353326, 1.100005, 0.019735, 0.019735
0.247653, 0.998512, 0.048246, -1.373635, -0.057884, 2.352832, 1.100004, 0.019746, 0.019746
0.247648, 0.997656, 0.048235, -1.373764, -0.057890, 2.352338, 1.100003, 0.019754, 0.019754
0.247643, 0.996790, 0.048225, -1.373887, -0.057895, 2.351846, 1.100002, 0.019760, 0.019760
0.247639, 0.995915, 0.048217, -1.374006, -0.057899, 2.351355, 1.100001, 0.019765, 0.019765
0.247635, 0.995031, 0.048210, -1.374124, -0.057902, 2.350863, 1.100000, 0.019769, 0.019769
0.247629, 0.994134, 0.048206, -1.374254, -0.057903, 2.350361, 1.099998, 0.019771, 0.019771
0.247621, 0.993226, 0.048206, -1.374397, -0.057902, 2.349849, 1.099995, 0.019773, 0.019773
0.247611, 0.992309, 0.048209, -1.374553, -0.057898, 2.349327, 1.099992, 0.019775, 0.019775
0.247600, 0.991384, 0.048215, -1.374721, -0.057892, 2.348796, 1.099988, 0.019776, 0.019776
0.247588, 0.990451, 0.048223, -1.374899, -0.057884, 2.348258, 1.099983, 0.019777, 0.019777
0.247574, 0.989512, 0.048233, -1.375087, -0.057875, 2.347713, 1.099978, 0.019778, 0.019778
0.247560, 0.988567, 0.048246, -1.375283, -0.057864, 2.347161, 1.099972, 0.019778, 0.019778
0.247544, 0.987617, 0.048260, -1.375487, -0.057852, 2.346604, 1.099966, 0.019779, 0.019779
0.247527, 0.986662, 0.048276, -1.375698, -0.057838, 2.346042, 1.099959, 0.019779, 0.019779
0.247509, 0.985703, 0.048293, -1.375916, -0.057824, 2.345474, 1.099952, 0.019779, 0.019779
0.247491, 0.984741, 0.048311, -1.376140, -0.057808, 2.344903, 1.099944, 0.019779, 0.019779
0.247472, 0.983774, 0.048331, -1.376368, -0.057792, 2.344328, 1.099937, 0.019779, 0.019779
0.247452, 0.982805, 0.048352, -1.376602, -0.057775, 2.343749, 1.099929, 0.019779, 0.019779
0.247432, 0.981832, 0.048373, -1.376839, -0.057757, 2.343168, 1.099921, 0.019780, 0.019780
0.247411, 0.980857, 0.048396, -1.377081, -0.057738, 2.342583, 1.099912, 0.019780, 0.019780
0.247389, 0.979880, 0.048419, -1.377326, -0.057719, 2.341995, 1.099903, 0.019780, 0.019780
0.247368, 0.978901, 0.048443, -1.377574, -0.057699, 2.341406, 1.099895, 0.019780, 0.019780
0.247346, 0.977919, 0.048468, -1.377825, -0.057679, 2.340815, 1.099885, 0.019780, 0.019780
0.247323, 0.976936, 0.048493, -1.378079, -0.057658, 2.340222, 1.099876, 0.019780, 0.019780
0.247300, 0.975952, 0.048519, -1.378335, -0.057637, 2.339627, 1.099867, 0.019780, 0.019780
0.247277, 0.974966, 0.048545, -1.378593, -0.057616, 2.339030, 1.099858, 0.019780, 0.019780
0.247254, 0.973979, 0.048572, -1.378853, -0.057594, 2.338432, 1.099848, 0.019780, 0.019780
0.247230, 0.972991, 0.048599, -1.379115, -0.057572, 2.337832, 1.099838, 0.019780, 0.019780
0.247206, 0.972001, 0.048626, -1.379378, -0.057550, 2.337232, 1.099829, 0.019780, 0.019780
0.247182, 0.971011, 0.048654, -1.379642, -0.057527, 2.336630, 1.099819, 0.019780, 0.019780
0.247158, 0.970020, 0.048682, -1.379908, -0.057504, 2.336028, 1.099809, 0.019780, 0.019780
0.247134, 0.969028, 0.048710, -1.380175, -0.057481, 2.335424, 1.099799, 0.019780, 0.019780
0.247109, 0.968036, 0.048738, -1.380443, -0.057458, 2.334820, 1.099789, 0.019780, 0.019780
0.247085, 0.967042, 0.048767, -1.380712, -0.057435, 2.334216, 1.099779, 0.019780, 0.019780
0.247060, 0.966049, 0.048796, -1.380982, -0.057411, 2.333610, 1.099769, 0.019780, 0.019780
0.247035, 0.965054, 0.048825, -1.381252, -0.057388, 2.333004, 1.099758, 0.019780, 0.019780
0.247010, 0.964060, 0.048854, -1.381524, -0.057364, 2.332398, 1.099748, 0.019780, 0.019780
0.246985, 0.963064, 0.048883, -1.381796, -0.057340, 2.331791, 1.099738, 0.019780, 0.019780
0.246960, 0.962069, 0.048913, -1.382068, -0.057316, 2.331184, 1.099728, 0.019780, 0.019780
0.246935, 0.961073, 0.048942, -1.382341, -0.057292, 2.330576, 1.099717, 0.019780, 0.019780
0.246910, 0.960077, 0.048972, -1.382615, -0.057268, 2.329968, 1.099707, 0.019780, 0.019780
0.246885, 0.959080, 0.049002, -1.382889, -0.057244, 2.329360, 1.099697, 0.019780, 0.019780
0.246859, 0.958084, 0.049031, -1.383163, -0.057220, 2.328752, 1.099686, 0.019780, 0.019780
0.246834, 0.957087, 0.049061, -1.383438, -0.057195, 2.328142, 1.099676, 0.019780, 0.019780
0.246808, 0.956089, 0.049091, -1.383712, -0.057171, 2.327533, 1.099665, 0.019780, 0.019780
0.246783, 0.955092, 0.049121, -1.383988, -0.057147, 2.326924, 1.099655, 0.019780, 0.019780
0.246757, 0.954095, 0.049151, -1.384263, -0.057122, 2.326314, 1.099644, 0.019780, 0.019780
0.246732, 0.953097, 0.049181, -1.384539, -0.057098, 2.325704, 1.099634, 0.019780, 0.019780
0.246706, 0.952099, 0.049212, -1.384815, -0.057073, 2.325095, 1.099623, 0.019780, 0.019780
0.246681, 0.951101, 0.049242, -1.385090, -0.057049, 2.324485, 1.099613, 0.019780, 0.019780
0.246655, 0.950103, 0.049272, -1.385367, -0.057024, 2.323875, 1.099602, 0.019780, 0.019780
0.246630, 0.949105, 0.049302, -1.385643, -0.056999, 2.323265, 1.099592, 0.019780, 0.019780
0.246604, 0.948107, 0.049333, -1.385920, -0.056975, 2.322655, 1.099581, 0.019780, 0.019780
0.246578, 0.947108, 0.049363, -1.386196, -0.056950, 2.322046, 1.099571, 0.019780, 0.019780
0.246553, 0.946110, 0.049393, -1.386473, -0.056925, 2.321435, 1.099560, 0.019780, 0.019780
0.246527, 0.945111, 0.049424, -1.386750, -0.056901, 2.320824, 1.099550, 0.019780, 0.019780
0.246501, 0.944113, 0.049454, -1.387026, -0.056876, 2.320214, 1.099539, 0.019780, 0.019780
0.246475, 0.943114, 0.049484, -1.387303, -0.056851, 2.319603, 1.099529, 0.019780, 0.019780
0.246450, 0.942115, 0.049515, -1.387580, -0.056827, 2.318992, 1.099518, 0.019780, 0.019780
0.246424, 0.941117, 0.049545, -1.387858, -0.056802, 2.318381, 1.099507, 0.019780, 0.019780
0.246398, 0.940118, 0.049576, -1.388135, -0.056777, 2.317770, 1.099497, 0.019780, 0.019780
0.246372, 0.939119, 0.049606, -1.388412, -0.056752, 2.317159, 1.099486, 0.019780, 0.019780
0.246347, 0.938120, 0.049637, -1.388690, -0.056728, 2.316548, 1.099476, 0.019780, 0.019780
0.246321, 0.937121, 0.049667, -1.388967, -0.056703, 2.315937, 1.099465, 0.019780, 0.019780
0.246295, 0.936122, 0.049698, -1.389244, -0.056678, 2.315325, 1.099454, 0.019780, 0.019780
0.246269, 0.935123, 0.049728, -1.389521, -0.056653, 2.314714, 1.099444, 0.019780, 0.019780
0.246243, 0.934124, 0.049759, -1.389799, -0.056628, 2.314103, 1.099433, 0.019780, 0.019780
0.246218, 0.933125, 0.049789, -1.390076, -0.056604, 2.313492, 1.099422, 0.019780, 0.019780
0.246192, 0.932126, 0.049820, -1.390353, -0.056579, 2.312881, 1.099412, 0.019780, 0.019780
0.246166, 0.931127, 0.049850, -1.390631, -0.056554, 2.312270, 1.099401, 0.019780, 0.019780
0.246140, 0.930128, 0.049881, -1.390908, -0.056529, 2.311659, 1.099391, 0.019780, 0.019780
0.246114, 0.929129, 0.049911, -1.391186, -0.056504, 2.311048, 1.099380, 0.019780, 0.019780
0.246089, 0.928129, 0.049942, -1.391464, -0.056479, 2.310436, 1.099370, 0.019780, 0.019780
0.246063, 0.927130, 0.049972, -1.391741, -0.056455, 2.309825, 1.099359, 0.019780, 0.019780
0.246037, 0.926131, 0.050003, -1.392019, -0.056430, 2.309214, 1.099348, 0.019780, 0.019780
0.246011, 0.925132, 0.050034, -1.392296, -0.056405, 2.308603, 1.099338, 0.019780, 0.019780
0.245985, 0.924132, 0.050064, -1.392574, -0.056380, 2.307992, 1.099327, 0.019780, 0.019780
0.245959, 0.923133, 0.050095, -1.392851, -0.056355, 2.307381, 1.099316, 0.019780, 0.019780
0.245934, 0.922134, 0.050125, -1.393129, -0.056330, 2.306769, 1.099306, 0.019780, 0.019780
0.245908, 0.921135, 0.050156, -1.393406, -0.056305, 2.306158, 1.099295, 0.019780, 0.019780
0.245882, 0.920135, 0.050186, -1.393684, -0.056281, 2.305547, 1.099285, 0.019780, 0.019780
0.245856, 0.919136, 0.050217, -1.393961, -0.056256, 2.304936, 1.099274, 0.019780, 0.019780
0.245830, 0.918137, 0.050248, -1.394239, -0.056231, 2.304325, 1.099263, 0.019780, 0.019780
0.245804, 0.917137, 0.050278, -1.394517, -0.056206, 2.303714, 1.099253, 0.019780, 0.019780
0.245777, 0.916134, 0.050310, -1.394804, -0.056180, 2.303096, 1.099242, 0.019780, 0.019780
0.245748, 0.915125, 0.050345, -1.395107, -0.056151, 2.302468, 1.099229, 0.019780, 0.019780
0.245716, 0.914111, 0.050383, -1.395427, -0.056121, 2.301829, 1.099216, 0.019780, 0.019780
0.245682, 0.913094, 0.050423, -1.395761, -0.056088, 2.301180, 1.099203, 0.019780, 0.019780
0.245647, 0.912073, 0.050465, -1.396109, -0.056054, 2.300522, 1.099188, 0.019780, 0.019780
0.245610, 0.911050, 0.050508, -1.396469, -0.056019, 2.299856, 1.099173, 0.019780, 0.019780
0.245572, 0.910025, 0.050554, -1.396840, -0.055982, 2.299183, 1.099157, 0.019780, 0.019780
0.245532, 0.908997, 0.050601, -1.397221, -0.055944, 2.298504, 1.099141, 0.019780, 0.019780
0.245492, 0.907967, 0.050649, -1.397612, -0.055904, 2.297819, 1.099124, 0.019780, 0.019780
0.245450, 0.906935, 0.050698, -1.398010, -0.055864, 2.297128, 1.099107, 0.019780, 0.019780
0.245407, 0.905902, 0.050748, -1.398416, -0.055823, 2.296433, 1.099090, 0.019780, 0.019780
0.245364, 0.904867, 0.050800, -1.398829, -0.055781, 2.295733, 1.099072, 0.019780, 0.019780
0.245319, 0.903830, 0.050852, -1.399247, -0.055738, 2.295029, 1.099054, 0.019780, 0.019780
0.245274, 0.902792, 0.050905, -1.399671, -0.055694, 2.294322, 1.099035, 0.019780, 0.019780
0.245228, 0.901753, 0.050959, -1.400100, -0.055650, 2.293612, 1.099016, 0.019780, 0.019780
0.245182, 0.900713, 0.051014, -1.400533, -0.055606, 2.292898, 1.098997, 0.019780, 0.019780
0.245135, 0.899671, 0.051069, -1.400970, -0.055561, 2.292183, 1.098978, 0.019780, 0.019780
0.245088, 0.898629, 0.051125, -1.401410, -0.055515, 2.291465, 1.098959, 0.019780, 0.019780
0.245040, 0.897586, 0.051181, -1.401854, -0.055469, 2.290745, 1.098939, 0.019780, 0.019780
0.244992, 0.896542, 0.051237, -1.402300, -0.055423, 2.290023, 1.098919, 0.019780, 0.019780
0.244944, 0.895498, 0.051294, -1.402750, -0.055376, 2.289299, 1.098900, 0.019780, 0.019780
0.244895, 0.894453, 0.051352, -1.403201, -0.055329, 2.288573, 1.098880, 0.019780, 0.019780
0.244846, 0.893407, 0.051410, -1.403655, -0.055281, 2.287846, 1.098859, 0.019780, 0.019780
0.244797, 0.892360, 0.051468, -1.404111, -0.055234, 2.287118, 1.098839, 0.019780, 0.019780
0.244747, 0.891314, 0.051526, -1.404568, -0.055186, 2.286389, 1.098819, 0.019780, 0.019780
0.244697, 0.890266, 0.051584, -1.405027, -0.055138, 2.285659, 1.098799, 0.019780, 0.019780
0.244647, 0.889219, 0.051643, -1.405487, -0.055090, 2.284928, 1.098778, 0.019780, 0.019780
0.244597, 0.888171, 0.051702, -1.405949, -0.055042, 2.284196, 1.098758, 0.019780, 0.019780
0.244547, 0.887122, 0.051761, -1.406412, -0.054993, 2.283463, 1.098737, 0.019780, 0.019780
0.244497, 0.886073, 0.051821, -1.406875, -0.054944, 2.282730, 1.098716, 0.019780, 0.019780
0.244446, 0.885024, 0.051880, -1.407340, -0.054896, 2.281995, 1.098696, 0.019780, 0.019780
0.244395, 0.883975, 0.051940, -1.407806, -0.054847, 2.281260, 1.098675, 0.019780, 0.019780
0.244345, 0.882926, 0.051999, -1.408272, -0.054798, 2.280525, 1.098654, 0.019780, 0.019780
0.244294, 0.881876, 0.052059, -1.408739, -0.054749, 2.279790, 1.098633, 0.019780, 0.019780
0.244243, 0.880826, 0.052119, -1.409207, -0.054700, 2.279053, 1.098612, 0.019780, 0.019780
0.244192, 0.879776, 0.052179, -1.409674, -0.054650, 2.278316, 1.098591, 0.019780, 0.019780
0.244141, 0.878725, 0.052239, -1.410143, -0.054601, 2.277580, 1.098570, 0.019780, 0.019780
0.244090, 0.877675, 0.052299, -1.410612, -0.054552, 2.276842, 1.098549, 0.019780, 0.019780
0.244039, 0.876624, 0.052359, -1.411081, -0.054502, 2.276105, 1.098528, 0.019780, 0.019780
0.243988, 0.875573, 0.052420, -1.411551, -0.054453, 2.275368, 1.098507, 0.019780, 0.019780
0.243936, 0.874522, 0.052480, -1.412021, -0.054404, 2.274630, 1.098486, 0.019780, 0.019780
0.243885, 0.873471, 0.052540, -1.412492, -0.054354, 2.273892, 1.098465, 0.019780, 0.019780
0.243834, 0.872420, 0.052601, -1.412963, -0.054304, 2.273153, 1.098444, 0.019780, 0.019780
0.243782, 0.871369, 0.052661, -1.413434, -0.054255, 2.272414, 1.098423, 0.019780, 0.019780
0.243731, 0.870318, 0.052722, -1.413905, -0.054205, 2.271675, 1.098402, 0.019780, 0.019780
0.243679, 0.869266, 0.052782, -1.414376, -0.054155, 2.270936, 1.098381, 0.019780, 0.019780
0.243628, 0.868215, 0.052843, -1.414848, -0.054106, 2.270198, 1.098359, 0.019780, 0.019780
0.243576, 0.867163, 0.052904, -1.415320, -0.054056, 2.269459, 1.098338, 0.019780, 0.019780
0.243525, 0.866112, 0.052964, -1.415791, -0.054006, 2.268719, 1.098317, 0.019780, 0.019780
0.243473, 0.865060, 0.053025, -1.416263, -0.053957, 2.267980, 1.098296, 0.019780, 0.019780
0.243422, 0.864008, 0.053086, -1.416735, -0.053907, 2.267241, 1.098275, 0.019780, 0.019780
0.243370, 0.862957, 0.053146, -1.417207, -0.053857, 2.266502, 1.098254, 0.019780, 0.019780
0.243319, 0.861905, 0.053207, -1.417680, -0.053807, 2.265763, 1.098232, 0.019780, 0.019780
0.243267, 0.860853, 0.053268, -1.418152, -0.053757, 2.265024, 1.098211, 0.019780, 0.019780
0.243216, 0.859801, 0.053328, -1.418625, -0.053708, 2.264285, 1.098190, 0.019780, 0.019780
0.243164, 0.858749, 0.053389, -1.419097, -0.053658, 2.263546, 1.098169, 0.019780, 0.019780
0.243112, 0.857697, 0.053450, -1.419570, -0.053608, 2.262807, 1.098148, 0.019780, 0.019780
0.243061, 0.856645, 0.053511, -1.420043, -0.053558, 2.262067, 1.098126, 0.019780, 0.019780
0.243009, 0.855593, 0.053572, -1.420515, -0.053508, 2.261327, 1.098105, 0.019780, 0.019780
0.242958, 0.854541, 0.053632, -1.420988, -0.053458, 2.260587, 1.098084, 0.019780, 0.019780
0.242906, 0.853489, 0.053693, -1.421461, -0.053409, 2.259848, 1.098063, 0.019780, 0.019780
0.242854, 0.852437, 0.053754, -1.421933, -0.053359, 2.259108, 1.098041, 0.019780, 0.019780
0.242803, 0.851385, 0.053815, -1.422406, -0.053309, 2.258368, 1.098020, 0.019780, 0.019780
0.242751, 0.850333, 0.053876, -1.422879, -0.053259, 2.257628, 1.097999, 0.019780, 0.019780
0.242699, 0.849281, 0.053936, -1.423352, -0.053209, 2.256888, 1.097978, 0.019780, 0.019780
0.242648, 0.848229, 0.053997, -1.423825, -0.053159, 2.256149, 1.097957, 0.019780, 0.019780
0.242596, 0.847177, 0.054058, -1.424297, -0.053109, 2.255409, 1.097935, 0.019780, 0.019780
0.242545, 0.846124, 0.054119, -1.424770, -0.053059, 2.254669, 1.097914, 0.019780, 0.019780
0.242493, 0.845072, 0.054180, -1.425243, -0.053009, 2.253929, 1.097893, 0.019780, 0.019780
0.242441, 0.844020, 0.054241, -1.425716, -0.052960, 2.253189, 1.097872, 0.019780, 0.019780
0.242390, 0.842968, 0.054301, -1.426189, -0.052910, 2.252449, 1.097850, 0.019780, 0.019780
0.242338, 0.841916, 0.054362, -1.426662, -0.052860, 2.251709, 1.097829, 0.019780, 0.019780
0.242286, 0.840863, 0.054423, -1.427135, -0.052810, 2.250969, 1.097808, 0.019780, 0.019780
0.242235, 0.839811, 0.054484, -1.427608, -0.052760, 2.250229, 1.097787, 0.019780, 0.019780
0.242183, 0.838759, 0.054545, -1.428082, -0.052710, 2.249489, 1.097766, 0.019780, 0.019780
0.242131, 0.837707, 0.054606, -1.428555, -0.052660, 2.248749, 1.097744, 0.019780, 0.019780
0.242079, 0.836654, 0.054667, -1.429028, -0.052610, 2.248009, 1.097723, 0.019780, 0.019780
0.242028, 0.835602, 0.054728, -1.429501, -0.052560, 2.247269, 1.097702, 0.019780, 0.019780
0.241976, 0.834549, 0.054788, -1.429974, -0.052510, 2.246529, 1.097681, 0.019780, 0.019780
